984 18888 Unum.

..888 (888, 8) p. 888.
..888 (888, 88) p. 888.

8. 989(895, 1) [8. 159,1 ,
8. 981 (891, 5) [8. 155. 1 .

8. 989 (895, 9) [8. 159,

8. 985 (899, 7) p. 157.

8. 981 (897, 8) [8. 158.

8. 985 (898) [8. 158.

8. 989 (899) [8. 158.

8. 987 (999) [8. 159.

8. 988 (999, 1) [8. 199.

8,989(9919)[8.1911. 191

8. 999 (999, 5)[8. 191.
8991 (995,1)[8.199.

..888 )888, 8)). 888. 888.

.. 888 (888, 8)). 888.

·.. 888 (888, 8), 888. 888.

8. 995 (997. 8) [8. 171.
8. 999 (998, 9)[8. 179
8. 997 (999, 19)[8. 175.
8998 (919, 1)[8.175. 179.

a. 888 )888, 8)). 888. )ἔ)

ι. 888 (888, 8)). 888 888

888. 888.
.. 888 (888 8)). 888 888.

189187.

ι. 888 (888, 8) 1, 888 ωθ·))).

.. 888 (888, 8)).

8.
8, 599(918, 9)[8. 195.

8 597(919 99)[8. 195·
8598(9991)[8.197.

8 599 (9919)[8 199.

8. 519(999, 5)[8.999
.888(888,8)ρ888

8. 519 (9915)[8.995

a 515 (995 9)[8. 995.

8 511(999 7)[8. 995. 919.
8515 (997 8)[8.997

« ι. 888 (888) p. 888.

8. 599 (959) [8. 919.

8. 591 (955) [8. 915. 911.
8. 599 (955, 1) [8. 915.
8. 595 (951, 5) [8. 919.
n. 591 (955, 9) [8. 917.
8 595 (959, 7) [8. 919.
8. 599 (957, 8) [8. 999.
8. 597 (958, 9) [8. 999.
8. 598 (959, 19) [8. 991.
8. 599 (919, 1) [8. 991.
8. 559 (911, 9) [8. 999.
n. 551 (919, 5)[). 995.
8. 559(915, 1) [8. 995.
8. 555 (911, 5)) 999.

8. 557 (918, 9)[8 999.
8. 559 (959, 1)[8.959

8. 519 (951 9)[8. 951.
a. 511 (959, 5) [8. 959
8. 519 (955, 1) [8. 951.
8. 515 (951, 5) [8. 955. 959.
8. 511 (955. 9) [8. 957.
8. 559 (999, 79) p. 959.
ι. 8599 (979, 1) [8. 919.
a. 591 (971, 5) [8. 911.
8. 597 (977, 8) [8. 911.

jlffl Sclu'raz.

8. 979 (885, 1) [8. 99.
8. 977 (891, 1) [8. 159.
8. 985 (899, 7) [8. 151.
8. 989 (899, 999) [8. 151.
8. 595 (951, 5)[8 919.
8559 (957, 8). 959.
8. 555 (911, {op 959.
8. 559 (917, 8)[). 951.

b

8. 816 (998 9))8. 208 obs& Tabertktan.
8 517 (999 5951)). 999. 919

m pro ,)81 Amol.
a. 888 (888, 8) p. 888. 888. .. 888 (888, 8) p. 88.

 

