978 1877877. 1187777877

,(5885) 81871777181778

(77887173 68718178 (.(18771878) ·

8, 887 (8887 p. 555.
78777 Beda’a.

8 788 (778, 8777 555
8788 (787, 877 788.

„555 el· Ahwaz.

8888878, 77, 55.
7888 (8788),. 87.
..888 (878, 77),Ι 55
8666 (876, 805pp ..66

8. 878 (888, 88777 787.

..878 (887, 877. 505.
8. 7788 (877, 8) ,7. 788.

7. 878 (888, 77 ,7 778.

Ψ

“ ⁴ 7887, 7777778787.

7787 (888 7877 87.
..887 (888 7771788.
7788 (878 77, 555

7. .777 (878, 8777 887

8. 555 (966, 7)p. 667. 668
..556 (967, 8)(7. 6681 W

8. 555 (878, 8777 888.

8 8878 8871). 878.

. 778 (888, 77,. 888.

7. 7778887, 8777. 887. 888.

77561 (956, 5) (7, 655.
8566 (655, 6)(7. 656.

6878 (887, 877 555 887

8. 777 (888, 87. 887
8. 878 (8.77, 87,. 888.

8. 568 (656 60)pp 6,58.
8566 (6767) 5) ,660
8. 565 (1006, 5)Ρ p. 665.

&52:354 Bedalchschan.

55. 778 (888, 87 7. 888.

5. 176 (769, 1) (7. 166.
8. 175 (761, 6) p 166.
8. 176 (766, 5) (7. 166.
7. 178 (776, 5) (7. 167.

5:555 Berda'a.

8. 877 (888, 77 ,7. 787,
8. 666 (996, 5) (7. 667.

..5935 Berpa'id.

8, 587 (697) (7. 656.
8. 691 (1619, 1) (7. 657.

8,157·;(756 5)(7. 65.
8.158(7856)(7.16.
5. 159 (757, 7) p. 16.
8. 160 (757, 8) (7. 16.
8, 166 (759, 617) (7. 15.
77. 166 (761, 6) (7. 15.
8. 165 (766, 5) (7. 16.
u. 166 (765, 6) (7.16.
5. 167 (766, 5) (7. 17.
5. 168 (765, 6) (7. 17.
8. 7169 (776, 7) p. 66
8. 161 (777. 8) (7. 66.
8. 166 (778, 6) p. 67.
a. 170 (786, 7) (7. 57.
55. 655 (869, 50) (7. 86.
5. 656 (866, 7) (7. 611,
ι, 6566161, 6) (7. 166.
8. 695 (667, 8) (7. 197.
a. 515 (665, 6) (7. 111,
8. 51* (969 ·) (7. 116.

 

