Inuex 1188888.

μ’ Q...

8. 911 (861 -) p. 119.
8. 976 (889, 90) p. 101.

. 8

ω1.. Γ( 11888888
proc, &adt el-St'rdjan.

811166 (781, 9)(8. 99.

8. 169 (789, 5))8. 50.
81.67 (785, 1)(8. 51.

a. 169 (786, 6) p 59. 51.

sm! ‹el-Rufa.

8. 119 (757, 8) p. 9.
a. 159 (719, 60) p. 19.
8. 155 (769, 1) p. 19.

8. 151 (761, 9) p. 19. .

8. 156 (765, 11 p. 15.
8. 157 (761, 6) p. 15.
8. 119 (767, 8) Ι). 11.
8. 111 (768, 9) p. 16.
8. 115 (769, 1) p. 16.
a. 111 (791, 9) p. 16.
a. 116 (769, 5) p. 16.

γ..88888888,.88

a. 969 (866, 7) p. 99.
8. 969 (875, 1) p. 95.
8, 961 (871, 6) p. 95.
8. 978 (891, ij. 105.
8. 988 (900, 1)(8. 199.
n. 999 (911, 9)[) 108.
a. 515 (996, 0)(8. 111.
8. 550 (911, 9)(8. 118.

Γ

‘5⁹¹5 ,6 Mala ‹el-Basra

i. 8. 8865 1181888881.
.. 888 (888) ,. 888.

88611 ab Male ‹el-Isusa ’

i. 8. ,1,3..) Dinewar.

.888 (888, 8), 888.
..,887(88ι 8), 888
.,.888(888 8), 888.
..888888 8)... 888.
888 88888188
.88ο(888),. 888.

ί,8168 111811181188888188.

8. 90 (798, 9))8. 1. ·
8-96 (715. 1)(1. 5.
8. 999(911,9)’.ρ. 108.

&fimf 81· Mamaea-a.

8. 176 (791, 9) p. 11.

mv 88888888)...
., 887 (888, 8) ρ. 888.

868161 81-11181888888881618.

8. 118 (766, 6) 1¹· 17.
a. 119 (769, 7)p 17.
8169 (767, 8))8. 18.
8161 (798, 9) 5019.
8169 (769, 7οἝΙὸ
8. 165 (7701)).
8.161(779, 1)(1110.
n. 166 (771, 9) p. 91.
8 169 (776, 0) p. 95.
8. 160 (776, 7) p. 91.
8. 161 (777, 8) p. 96. 96.
n. 166 (781, 9) p. 99.
8. 166 (789, 5) p. 99.
8. 167 (785, 1) p. 51.
8. 168 (781, 5) p. 59.
a. 169 (786, 6) p. 51.
’8. 170 (786, 7) p. 56.

 

