144444 04444844. 279

4.599(955,1)(,111.
595 (951 5)(4111.
4. 597 (958, 9)(4. 116.
4. 599 (910, {)p. 117.
4. 550(911, 9) p. 11⁷.
4,551(919,5)(4.118.
4. 555 (911, 5)(4. 118.
4. 550 (917, 8)(4, 951,
4. 57 (918 9)(4.959
5597 (1000, 7) )(. 979,

‘2⁵¹⁴- 989414. ·

.. 484 (484, 8) ,. 48.

.. 484 (488, 8) ,, 48.

., 488 (884,4) p. 84

.. 488 (884) ,. 84,

.. 484 (884, 4) p. 84.

., 488 (88.4, 4) ,. 48.

., 488 (884, 84, 48.
..484 (884, 8), 84.

.. 484 (888, 8), 84
..4444888 4841), 84. 88.
.484’ (844, 4), Ι’88

4, 990(909, 5)(4. 169.
.484(884, 44, 488. 484.
.. 484 (884, 8), 484
.484(888, 8)(..844488
ιωδ(99748)1)ι569.

.. 488 (888, 8) ,. 448.

.. 484 (888, 48) p. 444 444,

4. 999 (911, 9)(4, 178. 179,
4500 (919, 5)( .1.81

4. 505 (715, 6)(. 190.

4. 506(918, 9)(. 191. 195.
4. 507 (919, 90)Ρ(,1196.

4. 508 (990, 1)(1
4.511(993,1)(.905

4. 519 (991, 5) (. 901.

4. 515’(995, 6) p. 905.

4. 511 (996, 7) (, 906.

4. 515 (997, 8) (. 907.

Ι. 596 (m, 9) Ρ· m·

4. 517 (999, 50)( ,919.
4. 519 (951)( 911.
..848 (4484),.. 448,
4599 (955, 1)( ,916
4, 595 (951, 5)( ,917
4. 591 (955, 6)( ..918
4. 596 (957, 8)( 990.
4598 (959, 10)( 991,
4. 555 (910, 7) p. Ρ,998
4. 511 (959, 5) (. 955.
4. 519 (955, 1)(4. 955,
4. 515 (951, 5)(4,
4. 510 (957, 8)(,958
4. 559 (965, 1) p. 959·

,,(ξωΡ88491544..ἥξω)( -

4511444959.

4, 950 (869, 70)( ,,99
4. 959 (879, 5)(4, 117,
4. 900 (875,1)(4. 117.
4, 901 (871, 5)(. 117,
4. 965 (876, 7)(, 95.

4. W (877, 8)(4, 95.

4, 907 (880, 1)(4, 97,

4. 979 (885, 8) (,99

4. 970 (889, 90)(, 109
4. 978 (891, 9)(, 105
··2³²⁹(⁰40 94 448.

,)..μῴῐ eIeBijar.

.. 488 (848, 4), 444.

(..,

5999 ὕ. jus Tuster min.
4511444484.

..488 (848, 4) .., 488.

 

