lum [111111. 785

ἓ

5...th 1141113111

1,110(737,811.11,

1.131(771711). 71.

1. 136 (777, 3111, 77.

1, 136 (773, 611). 73.

1. 160 (776, 711), 73.

a. 161 (777, 811. 76.

1. 167 (778, 611). 77,

1.163(776, 8011). 78.
1.161 (780, 111), 78.

1. 163 (781, 71176.
,166 (787, 311), 30.

1, 167 (783, 111). 31.
1.169 (783, 61133

1, 170 (786, 71. 36. 37.
1.171 (787, 811), 38 39

1, 716 (831, 311). 137
1. 770 (833, 611). 133,
1778 (817, 311) 133.
1. 737 (816, 711). 136.
1. 738 (837, 311). 138.
1. 713 (837, 8111111.
1. 713 (836, 60171 117,
1, 716 (860, 111. 117,
1, 718 (861 711. 113.
a. 716 (863, 111). 111.
1. 730 (801, 311). 111,
1. wll (866, 70)p.p 116. 1
1,737(870,111),116.
1. 766 (887, 311, 116.
1. 773 (886, 7)p. 116.
1. 780 (893111, 130.
1. 789 (601, 711. 137.
1. 761 (1103111137,
1. 767 (601, 31 p. 137.
1 793 (603, 611 137,
1317(971,311137.
1. 331 (617, 311 730.

{filij Ferphana.
1767 (901, 311). 163.

1, 311 (676, 7111Ξ08
1, 313 (978, 611.

lm& Fesa.

1. 111 (111, 111. 111.

ὁ

pk.. pas Qasr Seiam.

1,168(781,311. 37.
1. 170 (763, 611 ,13
1,196(811311. 71,

 

