988 1666)) 6666)).

6. 961 (816, ⁷)p. 76.
6. 969 (817, 8η). 77.
’ 6. 965 (818, inp. 77
6. 961 (819, 9611)) 78.
6. 968 (896, 1)() ,”.76
6. 966 (891, 9) p. 86.
6. 967 (899, 5) p. 80.
6. 968 (895, 1) p. 81.
6. 916 (851, 9) p. 89.
6. 917 (859, 5) p. 89,
6. 918(855,1) p. 89,
n. 916 (851, 8)ρ. 85.
6. 996 (858)ρ85
6. 995 (857, 8η). 81
6. 991 (858, 6)ρ. 81.
6. 998 (856. 4⁰)le 81.
6996 (816, 1))6Ρ81.
6. 997 (811, 9)(6, 88.
6. 999 (815, 1)) 88.
6. 956 (811, 8) p. 85.
6. 951 (818, 6) p. 85.
6959 (816, 7) p. 88.
6. 955 (817, 8) p. 86
6. 951 (818, 6) )). 86.
6. 958 (816, 6161)- 86.
6. 956 (886, ¹)P· 86.
6. 957 (881, 9)ρ. 87.
6. 958 (889, 5η). 87. '
6. 956 (8851))1. 87.
6, 916 (881, 8)(6. 87.
6. 911 (868, 6)ρ. 88.
6915 (887, 8))688.
6. 911 (888, 6η). 88.
6.916(866,1)ρ. 8833
6. 918 (869, 5)’.))).
6. 986 (8618))6118619
6. 981 (868, 6)) (689
6. 989 (866, 7) p. 96.
a. Μ (868, 6) )). 61.
n. 961 (871, 8) p. 65.
6. 969 (878, 6)(). 61.
6. 961 (877, 8)). 68.
69.66 (876, 86)(661

6976(88ι’1,1)))11.67 98.

. 6).) (666, 66)». )66
ι. 6)) (66), 6),) .

6. 978 (861, 9) p. 161.

6. 981 (867, 8) p. 161.

6, 988 (868, 6) p. 168.

6. 987 (666) )). 168.

6. 969 (661, 8) p. 167.

6. 996 (611, 9)(6. 168.

6. 569 (611, 8)ρ. 166

6. 565 (618, 6))1. 166.
6561 (616, 57)p. 166
6568 (917, 8)1). 166.
6566 (618, 9)p 116.
6567 (919, 96η). 116.
6568 (696, Upp 116.

6. 5191691, 8))6, 111.

n. 515 (W, 6) p. 111.

n. 518 (697, 8) p. 111,

6. 517 (699, 56) p. 119.

6. 518 (656) p. 119,

6. 550 (659) )). 115. 111,

6599 (655. 1)ρ. 115. 111.

6. 598 (656, 7)( ). 118.
666 (66), 6)), ))6.
,598 (656, ⁴⁰55· 116.
,556 (611, 9)ρ. 117. 988.
6551 (619, 5))1. 968.

6. 551 (918, 6) p. 118. 116. ·

6. 558 (916, 86) p. 985,

,ΓΑ Men-w.

6. 86 (666. 7116))69
a. 188 (861, 9) p· 81,
6. 166 (811, 8) )).·78.
6. 916 (W, 6) )). 151.
6. 915 (898, 6) )). 151,
6. 916 (851, 9) p. 151,

’6. 917 (859. 5) p. 151.

6. 916 (851, 8) p. 159.
a. 996 (858, 6) p. 155.
6, 995 (857, 8) p. 155,
6. 998 (856, 16) )). 151.
6. 997 (811, 9) )). 151.
6. 996(815, 1) p. 158.
6. 951 (818, 6) )). 158.
6. 955 (817, 8) p. 156,

 

